-0.272216 0.588225 1.24051 1.21444e-07 -0.652286 -1.29858
-0.244159 0.514529 1.07174 1.31674e-07 -0.557209 -1.32664
-0.0745536 0.8731 1.88596 -1.58834e-08 -1.01286 -1.49624
-0.22288 1.13438 2.48155 -2.55148e-07 -1.34717 -1.34792
-0.189954 0.794735 1.70863 9.95664e-07 -0.913898 -1.38084
-0.279638 0.875756 1.89198 1.5666e-07 -1.01622 -1.29116
-0.0305391 0.992617 2.15724 -6.31883e-07 -1.16462 -1.54026
-0.178429 1.33361 2.94547 -1.65604e-10 -1.61186 -1.39237
-0.0126447 0.857262 1.8501 6.36905e-09 -0.992838 -1.55815
-0.26262 0.687377 1.46572 8.21403e-08 -0.778342 -1.30818
-0.213 1.05069 2.28968 -8.43029e-08 -1.23898 -1.3578
-0.126632 0.773371 1.66032 4.1226e-06 -0.886942 -1.44417
0.0261107 1.04082 2.26712 -4.91134e-10 -1.2263 -1.59691
0.0757351 0.805466 1.73291 2.61847e-07 -0.927437 -1.64653
0.114478 0.865687 1.86918 4.07963e-06 -1.00349 -1.68528
-0.16172 1.32878 2.93407 -1.79911e-10 -1.60528 -1.40908
-0.188997 0.685854 1.46227 1.48524e-07 -0.776416 -1.3818
-0.397229 1.16759 2.55809 -4.70511e-08 -1.3905 -1.17357
0.0306756 0.817783 1.76077 1.11985e-07 -0.942983 -1.60147
-0.191334 1.08653 2.37168 -2.17489e-07 -1.28515 -1.37946
-0.31341 1.00172 2.17796 -7.27316e-08 -1.17624 -1.25739
-0.253005 1.19491 2.62126 -3.34736e-07 -1.42635 -1.31779
-0.495027 0.635245 1.34749 7.49509e-11 -0.712244 -1.07577
-0.063924 1.13437 2.48151 -2.86737e-06 -1.34714 -1.50686
-0.0311345 0.961932 2.08745 -3.57228e-07 -1.12552 -1.53966
-0.116071 0.869389 1.87756 -7.96174e-09 -1.00817 -1.45473
-0.458445 0.565787 1.1893 8.54108e-11 -0.62351 -1.11235
-0.0561298 0.82603 1.77942 1.19144e-08 -0.953392 -1.51467
-0.115494 0.520165 1.08471 3.41268e-09 -0.564544 -1.4553
-0.0510851 0.526325 1.09887 5.54961e-08 -0.572549 -1.51971
-0.662003 0.547874 1.14831 4.89305e-10 -0.600439 -0.908793
-0.332042 0.913545 1.97761 1.51183e-07 -1.06407 -1.23875
-0.480554 0.746036 1.59849 -4.46639e-11 -0.852451 -1.09024
-0.16083 0.842619 1.81696 3.78315e-06 -0.974337 -1.40997
-0.49704 0.592986 1.25136 6.51103e-10 -0.658378 -1.07376
-0.269317 0.667035 1.41962 1.03185e-07 -0.752587 -1.30148
-0.17756 0.626455 1.32752 4.56524e-08 -0.701065 -1.39324
-0.404157 1.12166 2.45228 -2.46905e-08 -1.33063 -1.16664
-0.495027 0.635245 1.34749 7.49509e-11 -0.712244 -1.07577
-0.380901 1.15525 2.52961 -1.75355e-06 -1.37436 -1.18989
-0.325165 1.17303 2.57067 8.33325e-11 -1.39763 -1.24563
-0.364671 0.574368 1.20892 -5.73891e-07 -0.634552 -1.20612
-0.198969 0.645542 1.37087 3.79771e-08 -0.725326 -1.37183
-0.244491 0.955594 2.07305 6.68783e-07 -1.11745 -1.32631
0.0126768 0.534666 1.11803 5.51287e-07 -0.583363 -1.58347
-0.294088 0.668565 1.42309 1.4668e-07 -0.754525 -1.27671
-0.180031 0.516223 1.07564 4.65134e-08 -0.559416 -1.39076
-0.0294144 1.06076 2.31268 -1.82328e-06 -1.25192 -1.54138
-0.426428 1.01219 2.20182 -3.28818e-09 -1.18963 -1.14437
-0.0775655 1.34142 2.96392 -1.32197e-09 -1.6225 -1.49323
